Python 3.8.2 (tags/v3.8.2:7b3ab59, Feb 25 2020, 22:45:29) [MSC v.1916 32 bit (Intel)] on win32
Type "help", "copyright", "credits" or "license()" for more information.
>>> 
= RESTART: C:/Users/Adriano/AppData/Local/Programs/Python/Python38-32/100 coppie.py
45,44
78,59
3,80
96,85
19,49
89,97
49,88
67,85
76,92
89,14
70,69
9,78
1,66
53,75
27,26
81,98
62,69
93,49
52,42
61,42
6,65
7,2
47,7
42,32
43,69
87,77
80,71
87,47
13,42
69,90
70,37
1,47
11,82
8,71
34,69
47,12
11,2
1,43
48,25
8,45
41,25
78,26
21,20
46,64
100,18
16,24
74,44
43,14
19,85
22,89
47,22
17,27
13,99
45,28
1,31
28,73
70,10
8,12
53,81
80,66
3,34
64,9
16,54
20,3
52,31
11,51
25,97
92,20
58,75
94,14
7,73
46,41
82,92
73,48
63,62
13,17
75,66
30,52
6,69
1,54
44,31
86,61
14,29
31,58
11,88
52,29
22,76
76,23
66,90
41,86
18,93
2,65
30,55
24,83
16,21
24,8
88,41
56,89
19,16
2,95

>>> 
= RESTART: C:/Users/Adriano/AppData/Local/Programs/Python/Python38-32/Grafico2.py
['45', '44']
['78', '59']
['3', '80']
['96', '85']
['19', '49']
['89', '97']
['49', '88']
['67', '85']
['76', '92']
['89', '14']
['70', '69']
['9', '78']
['1', '66']
['53', '75']
['27', '26']
['81', '98']
['62', '69']
['93', '49']
['52', '42']
['61', '42']
['6', '65']
['7', '2']
['47', '7']
['42', '32']
['43', '69']
['87', '77']
['80', '71']
['87', '47']
['13', '42']
['69', '90']
['70', '37']
['1', '47']
['11', '82']
['8', '71']
['34', '69']
['47', '12']
['11', '2']
['1', '43']
['48', '25']
['8', '45']
['41', '25']
['78', '26']
['21', '20']
['46', '64']
['100', '18']
['16', '24']
['74', '44']
['43', '14']
['19', '85']
['22', '89']
['47', '22']
['17', '27']
['13', '99']
['45', '28']
['1', '31']
['28', '73']
['70', '10']
['8', '12']
['53', '81']
['80', '66']
['3', '34']
['64', '9']
['16', '54']
['20', '3']
['52', '31']
['11', '51']
['25', '97']
['92', '20']
['58', '75']
['94', '14']
['7', '73']
['46', '41']
['82', '92']
['73', '48']
['63', '62']
['13', '17']
['75', '66']
['30', '52']
['6', '69']
['1', '54']
['44', '31']
['86', '61']
['14', '29']
['31', '58']
['11', '88']
['52', '29']
['22', '76']
['76', '23']
['66', '90']
['41', '86']
['18', '93']
['2', '65']
['30', '55']
['24', '83']
['16', '21']
['24', '8']
['88', '41']
['56', '89']
['19', '16']
['2', '95']
X:  [45, 78, 3, 96, 19, 89, 49, 67, 76, 89, 70, 9, 1, 53, 27, 81, 62, 93, 52, 61, 6, 7, 47, 42, 43, 87, 80, 87, 13, 69, 70, 1, 11, 8, 34, 47, 11, 1, 48, 8, 41, 78, 21, 46, 100, 16, 74, 43, 19, 22, 47, 17, 13, 45, 1, 28, 70, 8, 53, 80, 3, 64, 16, 20, 52, 11, 25, 92, 58, 94, 7, 46, 82, 73, 63, 13, 75, 30, 6, 1, 44, 86, 14, 31, 11, 52, 22, 76, 66, 41, 18, 2, 30, 24, 16, 24, 88, 56, 19, 2]
Y:  [44, 59, 80, 85, 49, 97, 88, 85, 92, 14, 69, 78, 66, 75, 26, 98, 69, 49, 42, 42, 65, 2, 7, 32, 69, 77, 71, 47, 42, 90, 37, 47, 82, 71, 69, 12, 2, 43, 25, 45, 25, 26, 20, 64, 18, 24, 44, 14, 85, 89, 22, 27, 99, 28, 31, 73, 10, 12, 81, 66, 34, 9, 54, 3, 31, 51, 97, 20, 75, 14, 73, 41, 92, 48, 62, 17, 66, 52, 69, 54, 31, 61, 29, 58, 88, 29, 76, 23, 90, 86, 93, 65, 55, 83, 21, 8, 41, 89, 16, 95]
liste ordinate:
X:  [1, 1, 1, 1, 1, 2, 2, 3, 3, 6, 6, 7, 7, 8, 8, 8, 9, 11, 11, 11, 11, 13, 13, 13, 14, 16, 16, 16, 17, 18, 19, 19, 19, 20, 21, 22, 22, 24, 24, 25, 27, 28, 30, 30, 31, 34, 41, 41, 42, 43, 43, 44, 45, 45, 46, 46, 47, 47, 47, 48, 49, 52, 52, 52, 53, 53, 56, 58, 61, 62, 63, 64, 66, 67, 69, 70, 70, 70, 73, 74, 75, 76, 76, 78, 78, 80, 80, 81, 82, 86, 87, 87, 88, 89, 89, 92, 93, 94, 96, 100]
Y:  [2, 2, 3, 7, 8, 9, 10, 12, 12, 14, 14, 14, 16, 17, 18, 20, 20, 21, 22, 23, 24, 25, 25, 26, 26, 27, 28, 29, 29, 31, 31, 31, 32, 34, 37, 41, 41, 42, 42, 42, 43, 44, 44, 45, 47, 47, 48, 49, 49, 51, 52, 54, 54, 55, 58, 59, 61, 62, 64, 65, 65, 66, 66, 66, 69, 69, 69, 69, 69, 71, 71, 73, 73, 75, 75, 76, 77, 78, 80, 81, 82, 83, 85, 85, 85, 86, 88, 88, 89, 89, 90, 90, 92, 92, 93, 95, 97, 97, 98, 99]
<class 'list'>
<class 'list'>
